0	~
1	0001
2	0004
3	0007
4	0008
5	0009
6	0011
7	0012
8	0014
9	0019
10	0021
11	0025
12	0027
13	0029
14	0030
15	0031
16	0036
17	0037
18	0038
19	0039
20	0044
21	0045
22	0046
23	0047
24	0048
25	0049
26	0050
27	0051
28	0052
29	0053
30	0054
31	0062
32	0065
33	0073
34	0116
35	0118
36	0130
37	0146
38	0150
39	0151
40	0160
41	0168
42	0190
43	0194
44	0195
45	0196
46	0199
47	0205
48	0220
49	0226
50	0240
51	0277
52	0285
53	0286
54	0305
55	0312
56	0315
57	0320
58	0323
59	0328
60	0330
61	0334
62	0335
63	0336
64	0343
65	0347
66	0358
67	0366
68	0380
69	0385
70	0387
71	0394
72	0395
73	0402
74	0410
75	0431
76	0476
77	0493
78	0500
79	0508
80	0509
81	0511
82	0530
83	0539
84	0546
85	0553
86	0595
87	0597
88	0604
89	0610
90	0612
91	0618
92	0619
93	0624
94	0632
95	0634
96	0635
97	0636
98	0637
99	0656
100	0661
101	0697
102	0700
103	0730
104	0749
105	0750
106	0752
107	0753
108	0762
109	0768
110	0794
111	0800
112	0805
113	0810
114	0827
115	0830
116	0832
117	0835
118	0836
119	0839
120	0843
121	0854
122	0860
123	0862
124	0864
125	0876
126	0882
127	0887
128	0892
129	0899
130	0903
131	0907
132	0917
133	0918
134	0919
135	0923
136	0927
137	0936
138	0939
139	0945
140	0953
141	0955
142	0959
143	0960
144	0961
145	0962
146	0969
147	0970
148	0971
149	0976
150	0978
151	0979
152	0981
153	0987
154	0988
155	0990
156	0996
157	100
158	1000
159	1001
160	1003
161	1005
162	1011
163	1013
164	1016
165	1017
166	1018
167	1025
168	1032
169	1035
170	1039
171	1049
172	1050
173	1051
174	1060
175	1063
176	1066
177	1074
178	1078
179	1084
180	1085
181	1089
182	1096
183	1097
184	1098
185	1099
186	1100
187	1106
188	1114
189	1115
190	1118
191	1119
192	1122
193	1125
194	1126
195	1128
196	1130
197	1136
198	1137
199	1138
200	1146
201	1148
202	1151
203	1152
204	1153
205	1156
206	1157
207	1161
208	1162
209	1164
210	1165
211	1166
212	1168
213	1170
214	1174
215	1175
216	1179
217	1180
218	1184
219	1185
220	1186
221	1187
222	1189
223	1190
224	1191
225	1193
226	1196
227	1197
228	1198
229	1199
230	1200
231	1201
232	1204
233	1205
234	1206
235	1209
236	1212
237	1214
238	1216
239	1219
240	1220
241	1221
242	1222
243	1226
244	1227
245	1229
246	1230
247	1231
248	1232
249	1234
250	1235
251	1239
252	1241
253	1242
254	1244
255	1245
256	1246
257	1251
258	1253
259	1254
260	1255
261	1256
262	1258
263	1261
264	1262
265	1263
266	1265
267	1266
268	1268
269	1269
270	1270
271	1271
272	1273
273	1274
274	1275
275	1276
276	1278
277	1279
278	1282
279	1283
280	1284
281	1285
282	1286
283	1288
284	1290
285	1291
286	1294
287	1297
288	1300
289	1301
290	1302
291	1305
292	1308
293	1309
294	1310
295	1313
296	1315
297	1316
298	1320
299	1321
300	1322
301	1323
302	1324
303	1326
304	1328
305	1329
306	1335
307	1337
308	1340
309	1346
310	1347
311	1348
312	1349
313	135
314	1350
315	1351
316	1352
317	1353
318	1354
319	1355
320	1356
321	1357
322	1358
323	1360
324	1361
325	1362
326	1363
327	1365
328	1366
329	1367
330	1368
331	1372
332	1373
333	1375
334	1377
335	1378
336	1379
337	1380
338	1381
339	1382
340	1384
341	1385
342	1386
343	1389
344	1392
345	1393
346	1394
347	1395
348	1396
349	1399
350	1400
351	1401
352	1402
353	1403
354	1404
355	1405
356	1406
357	1409
358	1410
359	1411
360	1412
361	1413
362	1415
363	1416
364	1417
365	1418
366	1419
367	1420
368	1421
369	1422
370	1423
371	1424
372	1425
373	1426
374	1427
375	1428
376	1430
377	1431
378	1432
379	1433
380	1434
381	1435
382	1437
383	1438
384	1439
385	1440
386	1441
387	1443
388	1445
389	1447
390	1448
391	1449
392	1450
393	1451
394	1452
395	1453
396	1454
397	1455
398	1456
399	1457
400	1458
401	1459
402	1460
403	1461
404	1462
405	1464
406	1465
407	1466
408	1467
409	1469
410	1470
411	1471
412	1472
413	1473
414	1474
415	1475
416	1476
417	1477
418	1478
419	1479
420	1480
421	1481
422	1482
423	1483
424	1484
425	1485
426	1486
427	1487
428	1488
429	1490
430	1491
431	1492
432	1493
433	1494
434	1495
435	1496
436	1497
437	1498
438	1499
439	1500
440	1501
441	1502
442	1503
443	1504
444	1505
445	1506
446	1507
447	1508
448	1509
449	1510
450	1511
451	1512
452	1513
453	1514
454	1515
455	1516
456	1517
457	1518
458	1519
459	1520
460	1521
461	1523
462	1524
463	1525
464	1526
465	1527
466	1528
467	1529
468	1530
469	1531
470	1532
471	1533
472	1534
473	1535
474	1536
475	1537
476	1538
477	1539
478	154
479	1540
480	1541
481	1542
482	1543
483	1544
484	1545
485	1546
486	1547
487	1548
488	1549
489	155
490	1550
491	1551
492	1552
493	1553
494	1554
495	1555
496	1556
497	1557
498	1558
499	1559
500	1560
501	1561
502	1562
503	1563
504	1564
505	1565
506	1566
507	1567
508	1568
509	1569
510	1570
511	1571
512	1572
513	1573
514	1574
515	1575
516	1576
517	1578
518	1579
519	1580
520	1581
521	1582
522	1583
523	1584
524	1585
525	1586
526	1587
527	1588
528	1589
529	1590
530	1591
531	1592
532	1593
533	1594
534	1595
535	1596
536	1597
537	1598
538	1599
539	1600
540	1601
541	1602
542	1603
543	1604
544	1605
545	1606
546	1607
547	1608
548	1609
549	1610
550	1611
551	1612
552	1613
553	1614
554	1615
555	1616
556	1617
557	1618
558	1619
559	1620
560	1621
561	1622
562	1623
563	1624
564	1625
565	1626
566	1627
567	1628
568	1629
569	1630
570	1631
571	1632
572	1633
573	1634
574	1635
575	1636
576	1637
577	1638
578	1639
579	1640
580	1641
581	1642
582	1643
583	1644
584	1645
585	1646
586	1647
587	1648
588	1649
589	1650
590	1651
591	1652
592	1653
593	1654
594	1655
595	1656
596	1657
597	1658
598	1659
599	1660
600	1661
601	1662
602	1663
603	1664
604	1665
605	1666
606	1667
607	1668
608	1669
609	1670
610	1671
611	1672
612	1673
613	1674
614	1675
615	1676
616	1677
617	1678
618	1679
619	1680
620	1681
621	1682
622	1683
623	1684
624	1685
625	1686
626	1687
627	1688
628	1689
629	1690
630	1691
631	1692
632	1693
633	1694
634	1695
635	1696
636	1697
637	1698
638	1699
639	170
640	1700
641	1701
642	1702
643	1703
644	1704
645	1705
646	1706
647	1707
648	1708
649	1709
650	1710
651	1711
652	1712
653	1713
654	1714
655	1715
656	1716
657	1717
658	1718
659	1719
660	1720
661	1721
662	1722
663	1723
664	1724
665	1725
666	1726
667	1727
668	1728
669	1729
670	1730
671	1731
672	1732
673	1733
674	1734
675	1735
676	1736
677	1737
678	1738
679	1739
680	1740
681	1741
682	1742
683	1743
684	1744
685	1745
686	1746
687	1747
688	1748
689	1749
690	1750
691	1751
692	1752
693	1753
694	1754
695	1755
696	1756
697	1757
698	1758
699	1759
700	1760
701	1761
702	1762
703	1763
704	1764
705	1765
706	1766
707	1767
708	1768
709	1769
710	1770
711	1771
712	1772
713	1773
714	1774
715	1775
716	1776
717	1777
718	1778
719	1779
720	1780
721	1781
722	1782
723	1783
724	1784
725	1785
726	1786
727	1787
728	1788
729	1789
730	1790
731	1791
732	1792
733	1793
734	1794
735	1795
736	1796
737	1797
738	1798
739	1799
740	1800
741	1801
742	1802
743	1803
744	1804
745	1805
746	1806
747	1807
748	1808
749	1809
750	1810
751	1811
752	1812
753	1813
754	1814
755	1815
756	1816
757	1817
758	1818
759	1819
760	1820
761	1821
762	1822
763	1823
764	1824
765	1825
766	1826
767	1827
768	1828
769	1829
770	1830
771	1831
772	1832
773	1833
774	1834
775	1835
776	1836
777	1837
778	1838
779	1839
780	1840
781	1841
782	1842
783	1843
784	1844
785	1845
786	1846
787	1847
788	1848
789	1849
790	1850
791	1851
792	1852
793	1853
794	1854
795	1855
796	1856
797	1857
798	1858
799	1859
800	1860
801	1861
802	1862
803	1863
804	1864
805	1865
806	1866
807	1867
808	1868
809	1869
810	1870
811	1871
812	1872
813	1873
814	1874
815	1875
816	1876
817	1877
818	1878
819	1879
820	1880
821	1881
822	1882
823	1883
824	1884
825	1885
826	1886
827	1887
828	1888
829	1889
830	189
831	1890
832	1891
833	1892
834	1893
835	1894
836	1895
837	1896
838	1897
839	1898
840	1899
841	190
842	1900
843	1901
844	1902
845	1903
846	1904
847	1905
848	1906
849	1907
850	1908
851	1909
852	191
853	1910
854	1911
855	1912
856	1913
857	1914
858	1915
859	1916
860	1917
861	1918
862	1919
863	192
864	1920
865	1921
866	1922
867	1923
868	1924
869	1925
870	1926
871	1927
872	1928
873	1929
874	193
875	1930
876	1931
877	1932
878	1933
879	1934
880	1935
881	1936
882	1937
883	1938
884	1939
885	194
886	1940
887	1941
888	1942
889	1943
890	1944
891	1945
892	1946
893	1947
894	1948
895	1949
896	195
897	1950
898	1951
899	1952
900	1953
901	1954
902	1955
903	1956
904	1957
905	1958
906	1959
907	196
908	1960
909	1961
910	1962
911	1963
912	1964
913	1965
914	1966
915	1967
916	1968
917	1969
918	197
919	1970
920	1971
921	1972
922	1973
923	1974
924	1975
925	1976
926	1977
927	1978
928	1979
929	198
930	1980
931	1981
932	1982
933	1983
934	1984
935	1985
936	1986
937	1987
938	1988
939	1989
940	199
941	1990
942	1991
943	1992
944	1993
945	1994
946	1995
947	1996
948	1997
949	1998
950	1999
951	200
952	2000
953	2001
954	2002
955	2003
956	2004
957	2005
958	2006
959	2007
960	2008
961	2009
962	201
963	2010
964	2011
965	2012
966	2013
967	2014
968	2015
969	2016
970	2017
971	2018
972	2019
973	2020
974	2021
975	2022
976	2023
977	2036
978	2099
979	2104
980	2106
981	2200
982	2255
983	235
984	250
985	2700
986	2805
987	2808
988	2902
989	301
990	3456
991	360
992	385
993	494
994	554
995	619
996	624
997	632
998	810
999	879
