0	87
1	18
2	89
3	116
4	385
5	369
6	174
7	364
8	250
9	400
10	97
11	91
12	48
13	112
14	109
15	86
16	119
17	78
18	81
19	95
20	1
21	96
22	65
23	106
24	175
25	60
26	264
27	53
28	158
29	13
30	236
31	265
32	191
33	103
34	61
35	367
36	59
37	185
38	100
39	85
40	72
41	99
42	348
43	113
44	147
45	123
46	93
47	4
48	82
49	79
50	144
51	83
52	124
53	257
54	371
55	102
56	269
57	326
58	263
59	84
60	383
61	361
62	51
63	118
64	9
65	141
66	189
67	325
68	260
69	159
70	69
71	114
72	45
73	247
74	152
75	92
76	10
77	375
78	391
79	67
80	0
81	43
82	320
83	157
84	54
85	215
86	311
87	36
88	266
89	117
90	206
91	180
92	22
93	309
94	267
95	94
96	33
97	12
98	270
99	7
100	197
101	8
102	262
103	268
104	187
105	142
106	343
107	251
108	318
109	5
110	322
111	399
112	181
113	125
114	143
115	169
116	337
117	55
118	80
119	210
120	211
121	27
122	340
123	392
124	249
125	129
126	134
127	19
128	168
129	76
130	196
131	272
132	226
133	203
134	396
135	209
136	153
137	296
138	357
139	171
140	193
141	122
142	172
143	363
144	135
145	324
146	88
147	344
148	316
149	319
150	111
151	395
152	276
153	294
154	286
155	31
156	38
157	312
158	393
159	306
160	217
161	283
162	23
163	183
164	132
165	405
166	281
167	278
168	341
169	329
170	256
171	20
172	44
173	275
174	176
175	56
176	222
177	17
178	313
179	160
180	390
181	201
182	223
183	108
184	105
185	121
186	26
187	302
188	173
189	30
190	328
191	397
192	308
193	227
194	212
195	120
196	77
197	366
198	216
199	145
200	351
201	220
202	195
203	273
204	373
205	277
206	317
207	42
208	110
209	126
210	146
211	57
212	194
213	377
214	188
215	331
216	130
217	333
218	166
219	355
220	332
221	14
222	253
223	342
224	107
225	360
226	245
227	406
228	334
229	155
230	310
231	58
232	202
233	205
234	356
235	259
236	6
237	384
238	68
239	150
240	284
241	303
242	162
243	321
244	402
245	248
246	352
247	304
248	137
249	362
250	75
251	148
252	229
253	136
254	365
255	376
256	280
