0	~
1	-0001
2	-0010
3	-0011
4	-0018
5	-0026
6	-0027
7	-0030
8	-0036
9	-0037
10	-0042
11	-0043
12	-0044
13	-0045
14	-0046
15	-0047
16	-0049
17	-0050
18	-0051
19	-0063
20	-0073
21	-0089
22	-0146
23	-0149
24	-0150
25	-0151
26	-0168
27	-0239
28	-0240
29	-0277
30	-0304
31	-0305
32	-0311
33	-0312
34	-0315
35	-0319
36	-0320
37	-0322
38	-0327
39	-0328
40	-0329
41	-0330
42	-0398
43	-0509
44	-0808
45	-4000000
46	0001
47	0014
48	0016
49	0017
50	0018
51	0019
52	0027
53	0030
54	0037
55	0038
56	0041
57	0048
58	0049
59	0051
60	0053
61	0054
62	0062
63	0065
64	0068
65	0081
66	0096
67	0116
68	0117
69	0118
70	0138
71	0195
72	0196
73	0199
74	0210
75	0224
76	0226
77	0251
78	0253
79	0285
80	0286
81	0305
82	0306
83	0326
84	0330
85	0360
86	0363
87	0379
88	0380
89	0385
90	0395
91	0402
92	0410
93	0476
94	0493
95	0511
96	0553
97	0570
98	0595
99	0619
100	0620
101	0622
102	0624
103	0625
104	0629
105	0630
106	0632
107	0634
108	0635
109	0637
110	0640
111	0642
112	0644
113	0651
114	0656
115	0661
116	0672
117	0697
118	0715
119	0731
120	0736
121	0750
122	0752
123	0756
124	0762
125	0766
126	0771
127	0778
128	0783
129	0794
130	0795
131	0800
132	0805
133	0809
134	0810
135	0814
136	0816
137	0823
138	0827
139	0833
140	0836
141	0839
142	0843
143	0844
144	0854
145	0862
146	0864
147	0876
148	0882
149	0884
150	0885
151	0887
152	0892
153	0899
154	0903
155	0915
156	0919
157	0924
158	0927
159	0929
160	0930
161	0936
162	0945
163	0946
164	0947
165	0950
166	0951
167	0953
168	0955
169	0960
170	0962
171	0966
172	0970
173	0971
174	0973
175	0975
176	0978
177	0979
178	0986
179	0987
180	0988
181	0990
182	0991
183	0994
184	0996
185	1000
186	1005
187	1011
188	1017
189	1018
190	1025
191	1035
192	1042
193	1044
194	1049
195	1051
196	1060
197	1063
198	1066
199	1087
200	1088
201	1094
202	1096
203	1097
204	1100
205	1118
206	1122
207	1125
208	1128
209	1130
210	1137
211	1138
212	1142
213	1143
214	1145
215	1146
216	1147
217	1155
218	1157
219	1161
220	1166
221	1167
222	1169
223	1174
224	1180
225	1183
226	1184
227	1185
228	1186
229	1189
230	1190
231	1191
232	1193
233	1196
234	1197
235	1198
236	1200
237	1201
238	1202
239	1204
240	1205
241	1206
242	1209
243	1212
244	1213
245	1214
246	1216
247	1219
248	1220
249	1221
250	1222
251	1223
252	1226
253	1227
254	1229
255	1230
256	1231
257	1232
258	1234
259	1235
260	1238
261	1241
262	1243
263	1245
264	1246
265	1250
266	1251
267	1253
268	1254
269	1255
270	1258
271	1259
272	1260
273	1261
274	1262
275	1263
276	1264
277	1265
278	1266
279	1268
280	1270
281	1271
282	1272
283	1274
284	1275
285	1278
286	1279
287	1282
288	1283
289	1284
290	1285
291	1286
292	1288
293	1291
294	1294
295	1296
296	1299
297	1300
298	1301
299	1302
300	1305
301	1307
302	1309
303	1313
304	1314
305	1315
306	1316
307	1320
308	1322
309	1323
310	1324
311	1325
312	1328
313	1329
314	1331
315	1332
316	1335
317	1336
318	1339
319	1346
320	1347
321	1348
322	1349
323	1350
324	1351
325	1353
326	1354
327	1355
328	1356
329	1357
330	1358
331	1359
332	1360
333	1361
334	1362
335	1363
336	1365
337	1366
338	1368
339	1372
340	1373
341	1377
342	1378
343	1379
344	1380
345	1381
346	1382
347	1384
348	1385
349	1386
350	1387
351	1388
352	1389
353	1392
354	1393
355	1394
356	1395
357	1396
358	1398
359	1399
360	1400
361	1401
362	1402
363	1403
364	1404
365	1405
366	1406
367	1408
368	1409
369	1410
370	1411
371	1413
372	1414
373	1415
374	1416
375	1417
376	1419
377	1420
378	1421
379	1422
380	1423
381	1425
382	1426
383	1427
384	1428
385	1429
386	1430
387	1431
388	1433
389	1434
390	1436
391	1437
392	1439
393	1440
394	1441
395	1443
396	1445
397	1447
398	1448
399	1450
400	1451
401	1453
402	1454
403	1456
404	1457
405	1458
406	1459
407	1460
408	1461
409	1462
410	1464
411	1466
412	1467
413	1468
414	1469
415	1470
416	1471
417	1472
418	1474
419	1475
420	1476
421	1477
422	1478
423	1479
424	1480
425	1481
426	1482
427	1483
428	1484
429	1485
430	1488
431	1490
432	1491
433	1492
434	1493
435	1494
436	1495
437	1496
438	1498
439	1499
440	1500
441	1501
442	1502
443	1503
444	1504
445	1505
446	1506
447	1508
448	1509
449	1510
450	1511
451	1513
452	1514
453	1515
454	1516
455	1517
456	1518
457	1519
458	1521
459	1522
460	1523
461	1524
462	1525
463	1526
464	1527
465	1528
466	1529
467	1530
468	1531
469	1533
470	1534
471	1535
472	1536
473	1537
474	1538
475	1539
476	1540
477	1542
478	1543
479	1544
480	1545
481	1546
482	1547
483	1548
484	1550
485	1552
486	1553
487	1554
488	1555
489	1556
490	1557
491	1558
492	1559
493	1560
494	1561
495	1562
496	1563
497	1564
498	1565
499	1566
500	1567
501	1568
502	1569
503	1570
504	1571
505	1572
506	1573
507	1574
508	1575
509	1576
510	1577
511	1578
512	1579
513	1580
514	1581
515	1582
516	1583
517	1584
518	1585
519	1586
520	1587
521	1588
522	1589
523	1590
524	1591
525	1592
526	1593
527	1594
528	1595
529	1596
530	1597
531	1598
532	1599
533	1600
534	1601
535	1603
536	1604
537	1605
538	1606
539	1607
540	1608
541	1609
542	1611
543	1612
544	1613
545	1614
546	1615
547	1616
548	1617
549	1618
550	1619
551	1620
552	1621
553	1622
554	1623
555	1624
556	1625
557	1626
558	1627
559	1628
560	1629
561	1630
562	1631
563	1632
564	1633
565	1634
566	1635
567	1636
568	1637
569	1638
570	1639
571	1640
572	1641
573	1642
574	1643
575	1645
576	1646
577	1647
578	1648
579	1649
580	1650
581	1651
582	1652
583	1653
584	1654
585	1655
586	1656
587	1657
588	1658
589	1659
590	1660
591	1661
592	1662
593	1663
594	1664
595	1665
596	1666
597	1667
598	1668
599	1669
600	1670
601	1671
602	1672
603	1673
604	1674
605	1675
606	1676
607	1677
608	1678
609	1679
610	1680
611	1681
612	1682
613	1683
614	1684
615	1685
616	1686
617	1687
618	1688
619	1689
620	1690
621	1691
622	1692
623	1693
624	1694
625	1695
626	1696
627	1697
628	1698
629	1699
630	1700
631	1701
632	1702
633	1703
634	1704
635	1705
636	1706
637	1707
638	1708
639	1709
640	1710
641	1711
642	1712
643	1713
644	1714
645	1715
646	1716
647	1717
648	1718
649	1719
650	1720
651	1721
652	1722
653	1723
654	1724
655	1725
656	1726
657	1727
658	1728
659	1729
660	1730
661	1731
662	1732
663	1733
664	1734
665	1735
666	1736
667	1737
668	1738
669	1739
670	1740
671	1741
672	1742
673	1743
674	1744
675	1745
676	1746
677	1747
678	1748
679	1749
680	1750
681	1751
682	1752
683	1753
684	1754
685	1755
686	1756
687	1757
688	1758
689	1759
690	1760
691	1761
692	1762
693	1763
694	1764
695	1765
696	1766
697	1767
698	1768
699	1769
700	1770
701	1771
702	1772
703	1773
704	1774
705	1775
706	1776
707	1777
708	1778
709	1779
710	1780
711	1781
712	1782
713	1783
714	1784
715	1785
716	1786
717	1787
718	1788
719	1789
720	1790
721	1791
722	1792
723	1793
724	1794
725	1795
726	1796
727	1797
728	1798
729	1799
730	1800
731	1801
732	1802
733	1803
734	1804
735	1805
736	1806
737	1807
738	1808
739	1809
740	1810
741	1811
742	1812
743	1813
744	1814
745	1815
746	1816
747	1817
748	1818
749	1819
750	1820
751	1821
752	1822
753	1823
754	1824
755	1825
756	1826
757	1827
758	1828
759	1829
760	1830
761	1831
762	1832
763	1833
764	1834
765	1835
766	1836
767	1837
768	1838
769	1839
770	1840
771	1841
772	1842
773	1843
774	1844
775	1845
776	1846
777	1847
778	1848
779	1849
780	1850
781	1851
782	1852
783	1853
784	1854
785	1855
786	1856
787	1857
788	1858
789	1859
790	1860
791	1861
792	1862
793	1863
794	1864
795	1865
796	1866
797	1867
798	1868
799	1869
800	1870
801	1871
802	1872
803	1873
804	1874
805	1875
806	1876
807	1877
808	1878
809	1879
810	1880
811	1881
812	1882
813	1883
814	1884
815	1885
816	1886
817	1887
818	1888
819	1889
820	1890
821	1891
822	1892
823	1893
824	1894
825	1895
826	1896
827	1897
828	1898
829	1899
830	1900
831	1901
832	1902
833	1903
834	1904
835	1905
836	1906
837	1907
838	1908
839	1909
840	1910
841	1911
842	1912
843	1913
844	1914
845	1915
846	1916
847	1917
848	1918
849	1919
850	1920
851	1921
852	1922
853	1923
854	1924
855	1925
856	1926
857	1927
858	1928
859	1929
860	1930
861	1931
862	1932
863	1933
864	1934
865	1935
866	1936
867	1937
868	1938
869	1939
870	1940
871	1941
872	1942
873	1943
874	1944
875	1945
876	1946
877	1947
878	1948
879	1949
880	1950
881	1951
882	1952
883	1953
884	1954
885	1955
886	1956
887	1957
888	1958
889	1959
890	1960
891	1961
892	1962
893	1963
894	1964
895	1965
896	1966
897	1967
898	1968
899	1969
900	1970
901	1971
902	1972
903	1973
904	1974
905	1975
906	1976
907	1977
908	1978
909	1979
910	1980
911	1981
912	1982
913	1983
914	1984
915	1985
916	1986
917	1987
918	1988
919	1989
920	1990
921	1991
922	1992
923	1993
924	1994
925	1995
926	1996
927	1997
928	1998
929	1999
930	2000
931	2001
932	2002
933	2003
934	2004
935	2005
936	2006
937	2007
938	2008
939	2009
940	2010
941	2011
942	2012
943	2013
944	2014
945	2015
946	2016
947	2017
948	2018
949	2019
950	2020
951	2021
952	2022
953	2023
954	2024
955	2025
956	2045
957	2049
958	2057
959	2099
960	2240
961	2255
962	2258
963	2265
964	2266
965	2805
966	2817
